30
1 5.4 3.4 1.5 0.4
2 5.2 4.1 1.5 0.1
3 5.5 4.2 1.4 0.2
4 4.9 3.1 1.5 0.2
5 5.0 3.2 1.2 0.2
6 5.5 3.5 1.3 0.2
7 4.9 3.6 1.4 0.1
8 4.4 3.0 1.3 0.2
9 5.1 3.4 1.5 0.2
10 5.0 3.5 1.3 0.3
11 4.5 2.3 1.3 0.3
12 4.4 3.2 1.3 0.2
13 5.0 3.5 1.6 0.6
14 5.1 3.8 1.9 0.4
15 4.8 3.0 1.4 0.3
16 5.1 3.8 1.6 0.2
17 4.6 3.2 1.4 0.2
18 5.3 3.7 1.5 0.2
19 5.0 3.3 1.4 0.2
20 7.0 3.2 4.7 1.4
21 6.4 3.2 4.5 1.5
22 6.9 3.1 4.9 1.5
23 5.5 2.3 4.0 1.3
24 6.5 2.8 4.6 1.5
25 5.7 2.8 4.5 1.3
26 6.3 3.3 4.7 1.6
27 4.9 2.4 3.3 1.0
28 6.6 2.9 4.6 1.3
29 5.2 2.7 3.9 1.4
30 5.0 2.0 3.5 1.0